57364158944 4718592 58010474976 3604480 58535500256 3604480
32246668128 4718592 32864017248 3604480 33389042528 3604480
68385933664 4718592 68983228768 3604480 69508254048 3604480
37929227808 4718592 38480844320 3604480 39005869600 3604480
1355851808 4718592 2030020640 3604480 2555045920 3604480
75393900384 4718592 76039102304 3604480 76564127584 3604480
6878658528 4718592 7527202784 3604480 8052228064 3604480
50488312800 4718592 51055526880 3604480 51580552160 3604480
59075811360 4718592 59742181408 3604480 60267206688 3604480
32048487264 4718592 32712629088 3604480 33237654368 3604480
16329659424 4718592 16873477152 3604480 17398502432 3604480
5192835488 4718592 5813526944 3604480 6338552224 3604480
10510260576 4718592 11152120160 3604480 11677145440 3604480
75304247136 4718592 75970617184 3604480 76495642464 3604480
15791739936 4718592 16462566432 3604480 16987591712 3604480
7081557984 4718592 7682195424 3604480 8207220704 3604480
12564133792 4718592 13146945440 3604480 13671970720 3604480
10755627360 4718592 11339553120 3604480 11864578400 3604480
60891951968 4718592 61556093792 3604480 62081119072 3604480
10397014368 4718592 11065612640 3604480 11590637920 3604480
68617144672 4718592 69159848288 3604480 69684873568 3604480
50228790240 4718592 50857280480 3604480 51382305760 3604480
22945983008 4718592 23630178848 3604480 24155204128 3604480
61415715680 4718592 61956191072 3604480 62481216352 3604480
63266689440 4718592 63796023712 3604480 64321048992 3604480
55612275616 4718592 56246336416 3604480 56771361696 3604480
45187279904 4718592 45727755296 3604480 46252780576 3604480
68060350816 4718592 68734519648 3604480 69259544928 3604480
35618314208 4718592 36291368928 3604480 36816394208 3604480
30359748640 4718592 30996037664 3604480 31521062944 3604480
30482432032 4718592 31089754144 3604480 31614779424 3604480
55484873632 4718592 56149015456 3604480 56674040736 3604480
66338582048 4718592 66992696864 3604480 67517722144 3604480
64777924576 4718592 65376333792 3604480 65901359072 3604480
14433981920 4718592 15001196000 3604480 15526221280 3604480
37542303264 4718592 38185276960 3604480 38710302240 3604480
32463723360 4718592 33029823328 3604480 33554848608 3604480
43385974240 4718592 43927563744 3604480 44452589024 3604480
50030609376 4718592 50705892320 3604480 51230917600 3604480
59387238432 4718592 59980077088 3604480 60505102368 3604480
30510743584 4718592 31111381024 3604480 31636406304 3604480
55942577056 4718592 56498650016 3604480 57023675296 3604480
51954598432 4718592 52599800352 3604480 53124825632 3604480
57302817248 4718592 57963616736 3604480 58488642016 3604480
9189572128 4718592 9716678176 3604480 10241703456 3604480
46536279904 4718592 47184824160 3604480 47709849440 3604480
28652814816 4718592 29267935712 3604480 29792960992 3604480
30633426976 4718592 31205097504 3604480 31730122784 3604480
48528811424 4718592 49132791200 3604480 49657816480 3604480
63233659296 4718592 63770792352 3604480 64295817632 3604480
30274813984 4718592 30931157024 3604480 31456182304 3604480
72210564576 4718592 72756610528 3604480 73281635808 3604480
51874382368 4718592 52538524192 3604480 53063549472 3604480
28827402720 4718592 29401301472 3604480 29926326752 3604480
23549962784 4718592 24091552288 3604480 24616577568 3604480
52223558176 4718592 52805255712 3604480 53330280992 3604480
9151823392 4718592 9687842336 3604480 10212867616 3604480
37943383584 4718592 38491657760 3604480 39016683040 3604480
21385325536 4718592 22013815776 3604480 22538841056 3604480
57236756960 4718592 57913154016 3604480 58438179296 3604480
70439806880 4718592 70978054048 3604480 71503079328 3604480
70293530528 4718592 70866315168 3604480 71391340448 3604480
42975456736 4718592 43613973984 3604480 44138999264 3604480
52327367200 4718592 52884554272 3604480 53409579552 3604480
25413289312 4718592 25941509472 3604480 26466534752 3604480
41421754272 4718592 42001223584 3604480 42526248864 3604480
31977708384 4718592 32658561888 3604480 33183587168 3604480
66484858400 4718592 67104435744 3604480 67629461024 3604480
12474480544 4718592 13078460320 3604480 13603485600 3604480
23045073440 4718592 23705872928 3604480 24230898208 3604480
46781646688 4718592 47372257120 3604480 47897282400 3604480
63228940704 4718592 63767187872 3604480 64292213152 3604480
37886760480 4718592 38448404000 3604480 38973429280 3604480
59156027424 4718592 59803457568 3604480 60328482848 3604480
43022642656 4718592 43650018784 3604480 44175044064 3604480
32053205856 4718592 32716233568 3604480 33241258848 3604480
34272229792 4718592 34837215648 3604480 35362240928 3604480
48618464672 4718592 49201276320 3604480 49726301600 3604480
43173637600 4718592 43765362144 3604480 44290387424 3604480
44790918176 4718592 45424978976 3604480 45950004256 3604480
21706189792 4718592 22258920416 3604480 22783945696 3604480
19944869280 4718592 20487572896 3604480 21012598176 3604480
57585932768 4718592 58179885536 3604480 58704910816 3604480
39839740256 4718592 40366846304 3604480 40891871584 3604480
30284251168 4718592 30938365984 3604480 31463391264 3604480
21257923552 4718592 21916494816 3604480 22441520096 3604480
24993334624 4718592 25620710752 3604480 26145736032 3604480
59524077600 4718592 60084607008 3604480 60609632288 3604480
50162729952 4718592 50806817760 3604480 51331843040 3604480
66744380960 4718592 67302682144 3604480 67827707424 3604480
43126451680 4718592 43729317344 3604480 44254342624 3604480
46682556256 4718592 47296563040 3604480 47821588320 3604480
14188615136 4718592 14813763040 3604480 15338788320 3604480
45248621600 4718592 45774613536 3604480 46299638816 3604480
52100874784 4718592 52711539232 3604480 53236564512 3604480
41417035680 4718592 41997619104 3604480 42522644384 3604480
62709895584 4718592 63370695072 3604480 63895720352 3604480
19482447264 4718592 20134333856 3604480 20659359136 3604480
66447109664 4718592 67075599904 3604480 67600625184 3604480
33795652000 4718592 34473163168 3604480 34998188448 3604480
73624945696 4718592 74261234720 3604480 74786260000 3604480
46673119072 4718592 47289354080 3604480 47814379360 3604480
32251386720 4718592 32867621728 3604480 33392647008 3604480
65065758688 4718592 65596207072 3604480 66121232352 3604480
73917498400 4718592 74484712480 3604480 75009737760 3604480
5428765088 4718592 5993750944 3604480 6518776224 3604480
10897185120 4718592 11447687520 3604480 11972712800 3604480
19723095456 4718592 20318162336 3604480 20843187616 3604480
55952014240 4718592 56505858976 3604480 57030884256 3604480
44932475936 4718592 45533113376 3604480 46058138656 3604480
72248313312 4718592 72785446368 3604480 73310471648 3604480
66437672480 4718592 67068390944 3604480 67593416224 3604480
64716582880 4718592 65329475552 3604480 65854500832 3604480
36193982432 4718592 36731115488 3604480 37256140768 3604480
34083486112 4718592 34693036448 3604480 35218061728 3604480
64759050208 4718592 65361915872 3604480 65886941152 3604480
27037770656 4718592 27608327072 3604480 28133352352 3604480
23134726688 4718592 23774358048 3604480 24299383328 3604480
32567532384 4718592 33109121888 3604480 33634147168 3604480
37712172576 4718592 38315038240 3604480 38840063520 3604480
44894727200 4718592 45504277536 3604480 46029302816 3604480
57614244320 4718592 58201512416 3604480 58726537696 3604480
16131478560 4718592 16722088992 3604480 17247114272 3604480
68032039264 4718592 68712892768 3604480 69237918048 3604480
69835827104 4718592 70516680608 3604480 71041705888 3604480
32529783648 4718592 33080286048 3604480 33605311328 3604480
66588667424 4718592 67183734304 3604480 67708759584 3604480
69911324576 4718592 70574352288 3604480 71099377568 3604480
35792902112 4718592 36424734688 3604480 36949759968 3604480
73875031072 4718592 74452272160 3604480 74977297440 3604480
28968960480 4718592 29509435872 3604480 30034461152 3604480
70114224032 4718592 70729344928 3604480 71254370208 3604480
64848703456 4718592 65430400992 3604480 65955426272 3604480
39320695136 4718592 39970353504 3604480 40495378784 3604480
15928579104 4718592 16567096352 3604480 17092121632 3604480
8552562208 4718592 9230073376 3604480 9755098656 3604480
59198494752 4718592 59835897888 3604480 60360923168 3604480
62728769952 4718592 63385112992 3604480 63910138272 3604480
62724051360 4718592 63381508512 3604480 63906533792 3604480
60840047456 4718592 61516444512 3604480 62041469792 3604480
53629181280 4718592 54305578336 3604480 54830603616 3604480
15904986144 4718592 16549073952 3604480 17074099232 3604480
72253031904 4718592 72789050848 3604480 73314076128 3604480
12498073504 4718592 13096482720 3604480 13621508000 3604480
71969916384 4718592 72572782048 3604480 73097807328 3604480
48731710880 4718592 49287783840 3604480 49812809120 3604480
14386796000 4718592 14965151200 3604480 15490176480 3604480
13938529760 4718592 14622725600 3604480 15147750880 3604480
55923702688 4718592 56484232096 3604480 57009257376 3604480
29025583584 4718592 29552689632 3604480 30077714912 3604480
32633592672 4718592 33159584608 3604480 33684609888 3604480
55975607200 4718592 56523881376 3604480 57048906656 3604480
57836018144 4718592 58370922976 3604480 58895948256 3604480
30756110368 4718592 31298813984 3604480 31823839264 3604480
34210888096 4718592 34790357408 3604480 35315382688 3604480
75502428000 4718592 76122005344 3604480 76647030624 3604480
55961451424 4718592 56513067936 3604480 57038093216 3604480
16391001120 4718592 16920335392 3604480 17445360672 3604480
41558593440 4718592 42105753504 3604480 42630778784 3604480
73431483424 4718592 74113451040 3604480 74638476320 3604480
71851951584 4718592 72482670048 3604480 73007695328 3604480
26693313440 4718592 27345200032 3604480 27870225312 3604480
32548658016 4718592 33094703968 3604480 33619729248 3604480
26773529504 4718592 27406476192 3604480 27931501472 3604480
48255133088 4718592 48923731360 3604480 49448756640 3604480
61302469472 4718592 61869683552 3604480 62394708832 3604480
32010738528 4718592 32683793248 3604480 33208818528 3604480
52110311968 4718592 52718748192 3604480 53243773472 3604480
10458356064 4718592 11112470880 3604480 11637496160 3604480
46927923040 4718592 47483996000 3604480 48009021280 3604480
57449093600 4718592 58075355616 3604480 58600380896 3604480
19756125600 4718592 20343393696 3604480 20868418976 3604480
15820051488 4718592 16484193312 3604480 17009218592 3604480
17791905632 4718592 18417053536 3604480 18942078816 3604480
37872604704 4718592 38437590560 3604480 38962615840 3604480
64485371872 4718592 65152856032 3604480 65677881312 3604480
48448595360 4718592 49071515040 3604480 49596540320 3604480
52242432544 4718592 52819673632 3604480 53344698912 3604480
32473160544 4718592 33037032288 3604480 33562057568 3604480
32086236000 4718592 32741464928 3604480 33266490208 3604480
37948102176 4718592 38495262240 3604480 39020287520 3604480
41454784416 4718592 42026454944 3604480 42551480224 3604480
37726328352 4718592 38325851680 3604480 38850876960 3604480
14448137696 4718592 15012009440 3604480 15537034720 3604480
39627403616 4718592 40204644704 3604480 40729669984 3604480
50417533920 4718592 51001459680 3604480 51526484960 3604480
65037447136 4718592 65574580192 3604480 66099605472 3604480
12427294624 4718592 13042415520 3604480 13567440800 3604480
26900931488 4718592 27503797152 3604480 28028822432 3604480
66480139808 4718592 67100831264 3604480 67625856544 3604480
54091603296 4718592 54658817376 3604480 55183842656 3604480
28737749472 4718592 29332816352 3604480 29857841632 3604480
23450872352 4718592 24015858208 3604480 24540883488 3604480
75318402912 4718592 75981430624 3604480 76506455904 3604480
12441450400 4718592 13053228960 3604480 13578254240 3604480
68532210016 4718592 69094967648 3604480 69619992928 3604480
55621712800 4718592 56253545376 3604480 56778570656 3604480
66432953888 4718592 67064786464 3604480 67589811744 3604480
12512229280 4718592 13107296160 3604480 13632321440 3604480
68197189984 4718592 68839049568 3604480 69364074848 3604480
66701913632 4718592 67270241824 3604480 67795267104 3604480
52459487776 4718592 52985479712 3604480 53510504992 3604480
20020366752 4718592 20545244576 3604480 21070269856 3604480
57293380064 4718592 57956407776 3604480 58481433056 3604480
37433775648 4718592 38102373920 3604480 38627399200 3604480
60811735904 4718592 61494817632 3604480 62019842912 3604480
10576320864 4718592 11202582880 3604480 11727608160 3604480
16334378016 4718592 16877081632 3604480 17402106912 3604480
50252383200 4718592 50875302880 3604480 51400328160 3604480
28539568608 4718592 29181428192 3604480 29706453472 3604480
37759358496 4718592 38351083040 3604480 38876108320 3604480
73761784864 4718592 74365764640 3604480 74890789920 3604480
33885305248 4718592 34541648288 3604480 35066673568 3604480
38042474016 4718592 38567351840 3604480 39092377120 3604480
41535000480 4718592 42087731104 3604480 42612756384 3604480
32416537440 4718592 32993778528 3604480 33518803808 3604480
45130656800 4718592 45684501536 3604480 46209526816 3604480
30477713440 4718592 31086149664 3604480 31611174944 3604480
72125629920 4718592 72691729888 3604480 73216755168 3604480
63191191968 4718592 63738352032 3604480 64263377312 3604480
42899959264 4718592 43556302304 3604480 44081327584 3604480
39533031776 4718592 40132555104 3604480 40657580384 3604480
66517888544 4718592 67129667104 3604480 67654692384 3604480
55937858464 4718592 56495045536 3604480 57020070816 3604480
10892466528 4718592 11444083040 3604480 11969108320 3604480
11005712736 4718592 11530590560 3604480 12055615840 3604480
37608363552 4718592 38235739680 3604480 38760764960 3604480
6883377120 4718592 7530807264 3604480 8055832544 3604480
35816495072 4718592 36442757088 3604480 36967782368 3604480
43310476768 4718592 43869892064 3604480 44394917344 3604480
50469438432 4718592 51041108960 3604480 51566134240 3604480
16202257440 4718592 16776156192 3604480 17301181472 3604480
39773679968 4718592 40316383584 3604480 40841408864 3604480
66376330784 4718592 67021532704 3604480 67546557984 3604480
25219827040 4718592 25793725792 3604480 26318751072 3604480
59160746016 4718592 59807062048 3604480 60332087328 3604480
38018881056 4718592 38549329440 3604480 39074354720 3604480
22974294560 4718592 23651805728 3604480 24176831008 3604480
61198660448 4718592 61790384992 3604480 62315410272 3604480
41011236768 4718592 41687633824 3604480 42212659104 3604480
1638967328 4718592 2246289440 3604480 2771314720 3604480
37613082144 4718592 38239344160 3604480 38764369440 3604480
60830610272 4718592 61509235552 3604480 62034260832 3604480
30303125536 4718592 30952783904 3604480 31477809184 3604480
73775940640 4718592 74376578080 3604480 74901603360 3604480
68102818144 4718592 68766959968 3604480 69291985248 3604480
72139785696 4718592 72702543328 3604480 73227568608 3604480
56065260448 4718592 56592366496 3604480 57117391776 3604480
30345592864 4718592 30985224224 3604480 31510249504 3604480
41601060768 4718592 42138193824 3604480 42663219104 3604480
18037272416 4718592 18604486496 3604480 19129511776 3604480
23531088416 4718592 24077134368 3604480 24602159648 3604480
18164674400 4718592 18701807456 3604480 19226832736 3604480
59538233376 4718592 60095420448 3604480 60620445728 3604480
25267012960 4718592 25829770592 3604480 26354795872 3604480
32081517408 4718592 32737860448 3604480 33262885728 3604480
68470868320 4718592 69048109408 3604480 69573134688 3604480
57713334752 4718592 58277206496 3604480 58802231776 3604480
68107536736 4718592 68770564448 3604480 69295589728 3604480
52360397344 4718592 52909785632 3604480 53434810912 3604480
57807706592 4718592 58349296096 3604480 58874321376 3604480
61368529760 4718592 61920146272 3604480 62445171552 3604480
59184338976 4718592 59825084448 3604480 60350109728 3604480
28619784672 4718592 29242704352 3604480 29767729632 3604480
6991904736 4718592 7613710304 3604480 8138735584 3604480
62808986016 4718592 63446389152 3604480 63971414432 3604480
25082987872 4718592 25689195872 3604480 26214221152 3604480
54082166112 4718592 54651608416 3604480 55176633696 3604480
12389545888 4718592 13013579680 3604480 13538604960 3604480
15853081632 4718592 16509424672 3604480 17034449952 3604480
3322987360 4718592 3959276384 3604480 4484301664 3604480
10887747936 4718592 11440478560 3604480 11965503840 3604480
31996582752 4718592 32672979808 3604480 33198005088 3604480
48297600416 4718592 48956171680 3604480 49481196960 3604480
55711366048 4718592 56322030496 3604480 56847055776 3604480
69821671328 4718592 70505867168 3604480 71030892448 3604480
55753833376 4718592 56354470816 3604480 56879496096 3604480
37438494240 4718592 38105978400 3604480 38631003680 3604480
66381049376 4718592 67025137184 3604480 67550162464 3604480
33927772576 4718592 34574088608 3604480 35099113888 3604480
43258572256 4718592 43830242784 3604480 44355268064 3604480
26867901344 4718592 27478565792 3604480 28003591072 3604480
35580565472 4718592 36262533088 3604480 36787558368 3604480
43376537056 4718592 43920354784 3604480 44445380064 3604480
39443378528 4718592 40064069984 3604480 40589095264 3604480
55546215328 4718592 56195873696 3604480 56720898976 3604480
25295324512 4718592 25851397472 3604480 26376422752 3604480
53775457632 4718592 54417317216 3604480 54942342496 3604480
57821862368 4718592 58360109536 3604480 58885134816 3604480
44757888032 4718592 45399747616 3604480 45924772896 3604480
52417020448 4718592 52953039392 3604480 53478064672 3604480
55650024352 4718592 56275172256 3604480 56800197536 3604480
52015940128 4718592 52646658592 3604480 53171683872 3604480
46489093984 4718592 47148779360 3604480 47673804640 3604480
55645305760 4718592 56271567776 3604480 56796593056 3604480
7336361952 4718592 7876837344 3604480 8401862624 3604480
24809309536 4718592 25480136032 3604480 26005161312 3604480
70208595872 4718592 70801434528 3604480 71326459808 3604480
39405629792 4718592 40035234144 3604480 40560259424 3604480
16070136864 4718592 16675230752 3604480 17200256032 3604480
48741148064 4718592 49294992800 3604480 49820018080 3604480
33786214816 4718592 34465954208 3604480 34990979488 3604480
70199158688 4718592 70794225568 3604480 71319250848 3604480
48439158176 4718592 49064306080 3604480 49589331360 3604480
43282165216 4718592 43848265184 3604480 44373290464 3604480
53959482720 4718592 54557891936 3604480 55082917216 3604480
34078767520 4718592 34689431968 3604480 35214457248 3604480
15909704736 4718592 16552678432 3604480 17077703712 3604480
34338290080 4718592 34887678368 3604480 35412703648 3604480
8821521952 4718592 9435528736 3604480 9960554016 3604480
68428400992 4718592 69015669088 3604480 69540694368 3604480
62832578976 4718592 63464411552 3604480 63989436832 3604480
66659446304 4718592 67237801504 3604480 67762826784 3604480
36151515104 4718592 36698675168 3604480 37223700448 3604480
26565911456 4718592 27247879072 3604480 27772904352 3604480
3766535008 4718592 4298097504 3604480 4823122784 3604480
43065109984 4718592 43682459104 3604480 44207484384 3604480
9071607328 4718592 9626566176 3604480 10151591456 3604480
37391308320 4718592 38069933600 3604480 38594958880 3604480
37462087200 4718592 38124000800 3604480 38649026080 3604480
26844308384 4718592 27460543392 3604480 27985568672 3604480
68367059296 4718592 68968810848 3604480 69493836128 3604480
50356192224 4718592 50954601440 3604480 51479626720 3604480
46583465824 4718592 47220868960 3604480 47745894240 3604480
43334069728 4718592 43887914464 3604480 44412939744 3604480
68371777888 4718592 68972415328 3604480 69497440608 3604480
73705161760 4718592 74322510880 3604480 74847536160 3604480
64938356704 4718592 65498886112 3604480 66023911392 3604480
48467469728 4718592 49085932960 3604480 49610958240 3604480
35670218720 4718592 36331018208 3604480 36856043488 3604480
28869870048 4718592 29433741792 3604480 29958767072 3604480
45144812576 4718592 45695314976 3604480 46220340256 3604480
39315976544 4718592 39966749024 3604480 40491774304 3604480
30227628064 4718592 30895112224 3604480 31420137504 3604480
43216104928 4718592 43797802464 3604480 44322827744 3604480
45149531168 4718592 45698919456 3604480 46223944736 3604480
66215898656 4718592 66898980384 3604480 67424005664 3604480
50389222368 4718592 50979832800 3604480 51504858080 3604480
18117488480 4718592 18665762656 3604480 19190787936 3604480
42966019552 4718592 43606765024 3604480 44131790304 3604480
55409376160 4718592 56091343776 3604480 56616369056 3604480
32510909280 4718592 33065868128 3604480 33590893408 3604480
36189263840 4718592 36727511008 3604480 37252536288 3604480
62917513632 4718592 63529292192 3604480 64054317472 3604480
25134892384 4718592 25728845152 3604480 26253870432 3604480
41365131168 4718592 41957969824 3604480 42482995104 3604480
28549005792 4718592 29188637152 3604480 29713662432 3604480
64428748768 4718592 65109602272 3604480 65634627552 3604480
66885938720 4718592 67410816544 3604480 67935841824 3604480
28511257056 4718592 29159801312 3604480 29684826592 3604480
34017425824 4718592 34642573728 3604480 35167599008 3604480
34163702176 4718592 34754312608 3604480 35279337888 3604480
39415066976 4718592 40042443104 3604480 40567468384 3604480
32341039968 4718592 32936106848 3604480 33461132128 3604480
39386755424 4718592 40020816224 3604480 40545841504 3604480
43107577312 4718592 43714899424 3604480 44239924704 3604480
57670867424 4718592 58244766176 3604480 58769791456 3604480
57765239264 4718592 58316855776 3604480 58841881056 3604480
9095200288 4718592 9644588576 3604480 10169613856 3604480
52336804384 4718592 52891763232 3604480 53416788512 3604480
71960479200 4718592 72565573088 3604480 73090598368 3604480
69878294432 4718592 70549120928 3604480 71074146208 3604480
46828832608 4718592 47408301920 3604480 47933327200 3604480
46578747232 4718592 47217264480 3604480 47742289760 3604480
70288811936 4718592 70862710688 3604480 71387735968 3604480
62875046304 4718592 63496851872 3604480 64021877152 3604480
35873118176 4718592 36486010848 3604480 37011036128 3604480
27018896288 4718592 27593909152 3604480 28118934432 3604480
28487664096 4718592 29141778912 3604480 29666804192 3604480
75615674208 4718592 76208512864 3604480 76733538144 3604480
63285563808 4718592 63810441632 3604480 64335466912 3604480
14198052320 4718592 14820972000 3604480 15345997280 3604480
28610347488 4718592 29235495392 3604480 29760520672 3604480
69840545696 4718592 70520285088 3604480 71045310368 3604480
50478875616 4718592 51048317920 3604480 51573343200 3604480
50450564064 4718592 51026691040 3604480 51551716320 3604480
62884483488 4718592 63504060832 3604480 64029086112 3604480
59127715872 4718592 59781830688 3604480 60306855968 3604480
17777749856 4718592 18406240096 3604480 18931265376 3604480
64867577824 4718592 65444818912 3604480 65969844192 3604480
1539876896 4718592 2170595360 3604480 2695620640 3604480
41440628640 4718592 42015641504 3604480 42540666784 3604480
57283942880 4718592 57949198816 3604480 58474224096 3604480
50063639520 4718592 50731123680 3604480 51256148960 3604480
