154842
73022
10816
198
1067
366
96164
397
1067
366
917
7122
397
1067
366
40848
1339
2641
4715
7300
102636
5194
486
917
7122
1467
11
1460
486
2496
102636
528
5
700
8
20540
198
515
262
19475
1460
486
2496
102636
528
8333
284
1460
486
19563
31687
8049
486
2496
102636
528
6831
2810
543
262
19475
1460
486
2496
102636
528
33251
284
8333
608
220
98668
26
688
442
220
126382
101562
22
19
99698
22
101140
100614
20
20
99317
16
198
262
19475
1460
486
2496
102636
528
5017
33202
952
284
8333
1018
220
98668
26
262
442
220
20
271
262
421
320
1318
9175
2398
286
470
895
401
262
1460
486
2496
102636
528
897
284
220
15
280
262
369
320
1762
272
549
1467
340
262
341
286
733
3774
1161
293
284
1099
5303
26271
1161
2235
66
317
286
421
320
65
366
364
15
6
1369
293
861
364
24
1305
310
470
895
26
256
442
59003
11923
11
36188
11
451
1094
11
2477
12
56070
198
286
733
1460
486
2496
102636
528
294
284
1099
5303
8049
486
2496
102636
528
2235
65
481
364
15
3755
286
442
69922
1779
1573
30153
19590
510
286
421
320
957
861
33251
1369
320
957
621
33251
1009
294
861
5017
33202
952
1171
310
470
895
401
286
897
284
897
353
220
98668
488
294
280
262
555
262
700
284
897
280
262
470
830
280
532
13865
19288
41886
25
1565
957
861
220
126382
101562
22
19
99698
22
101140
100614
20
20
99317
16
63
2677
916
37939
1283
24692
98668
26
518
6896
429
3930
11
1172
264
1590
15711
37100
220
20
18275
320
25632
102636
6806
10330
304
220
20
568
92578
1573
894
30153
19590
11
773
902
15049
19417
13657
382
17483
25
4287
1946
11
894
4922
4889
1565
15
63
4142
63
24
63
320
55483
1565
10
7808
12615
11
451
1094
11
1550
15245
5820
701
476
16469
678
470
1565
3849
63
448
1565
411
63
67030
1959
279
19827
51503
1181
3681
5546
897
13
57647
96624
525
11660
26
52951
15
39700
70303
311
220
15
13
19269
3550
11
13473
882
11
902
23691
11
902
19548
13
154827
